21634
47488
10419
4680
19476
13357
33173
43840
43838
9460
10333
38072
34262
10321
32624
39738
11686
37862
30528
8621
10848
23139
48021
31625
22620
36195
30777
77646
41807
15735
40636
21091
28200
13048
39777
23307
32989
14287
33635
20661
41506
46858
15265
48759
21308
18361
48216
23619
31060
53248
50348
46872
14169
56154
12905
25855
17586
17405
37919
31805
70151
15829
29792
51090
26994
26420
5441
28373
76379
44642
35851
28644
39500
25938
56352
12031
76780
24855
34086
13515
4708
13122
19570
45147
16529
50160
32760
8645
11162
44318
50655
8589
17906
19611
42256
34746
16858
7176
13754
4319
